, 1 Ι ¹ *ABG* ¹ .'
999 1111. ἢ ,.,,, s .
1111119183, Ι21191. · · p. 152. 111. 111119. 11111. 191-
1111111119 203, 13. p. .206, 2. 1 ,111111611111’9.120,12,’
16111111111,163. Αε6991111111161.1,134.
’ 4011111111,46, 91.1,99, 16 19Aegyptu⁵1 18,1,,2 l 79 l. 8⁶
2241.24222...4222·2124· 11..,19115.’,,11111111.
1242 26220221,1ο,15.1,11,11,1,11111.

, 6111111,200 34.1,232,20 2, 2, 193, ,29, ΡῙ62, 42, ¹hm..
1111. Ρ1119112,38,30.0111.1111. ’02175136

1111,1..9194.4···1222.42441 111.1,111.1,11,1.9.191,11
Adonis 2,128,23. , 9116.

, 1111111110. 1 21122212 1111111111911115111911111.
131111...1 121. 222 1224·11.11.1,1ο19.15,5.1,1111’1,
1.·224124..12·222’·22 99.,999‚94..,.„919199191

¹ 1111161111 1111119136, 45. 992196, 999165199161.

14121· 122. 42· p.‚299 22· 1..11111 91111111.. 9111,
’ 41111111, 136, 40. 1, 206, 31. 17,

¹ 216. 0οο2. 203. 25· 2. 204· 1111111019.136,13. 'J ,ι ’
411111111111, 15, 2. 99999991, 116,

41121211.22.1222201.22. 111.1.911.1,15,11.1,111.11,15,
21η12241·24.·.212.12422.11.,11ο19.,.,1111111511

199, 111, 111, 99. 989193. 9,,99 99, 9, 99, 99, 99, 99

‘Mem 1-. 204. 34· ” , , 1266 1113. 911213116111911
11111. 1, 199, 191, 111, 11. 1, 9111191111. 911111.

, 111, 94. 1, 991. ejus er'rores 1, 909. Aeson 1, 99, 99. 1, 14121111
..5. 1111, 19. mem. 1, 911, 19. 195, 11. 9', 199, 41. 9, 191, 91

¹1,,99999‚9199,.,99999,919,,.19999 .
010. ..191, 99. 9111, 99. 9 11119111,155,15.,1 111691.
188,11 sqq.p.196‚ 31. 91230, 1111111911, 74, 23. ,

· 19 01 19 9111, 99. 15. 1111199119. 131, 19.

Aegaeon 2, 53, 95. 4111119111, 19, 31.

, 1199911115.1111111111 22221111. 122. 4. ² ,

, 35.2,125,411111111111111 (11611111 1,11,14.1
. 4161111111. 2, 204, 32. 2, 53, 35. Η1111111111,56,14.
, Aegina 11. Aesopi 1, 165, 14. 2, 105, 1,'59, 14. 2, 165, 10 1111116·

19. 1111 11111. ’ 9191111 1, 99, 11111, 99. 11,·
Aegisthus 1,11,’13. 1, 141, 14. 2,. 111111111- p. 224, 14’9‘qq.

141, 14. 2, 202,,1 sqq· 111111 Nympha 1, 130, 121· 2, 45.
Aegle 9, 191, 11, 911111, · 1111... 1, 119, 99. 9, 91, 11, 9222
Aegyptii 111, 99. 11111111 1011. 3, 391qu

 

 

